1162
9150
9510
8757
9431
9265
9691
9546
8208
6997
9017
9033
9482
7971
6624
4522
8147
8207
9993
9148
9290
8418
9601
7544
9473
7694
9455
6005
9406
9887
8996
3048
8758
5826
6927
6019
8209
9180
8846
6514
9877
7342
9356
7734
8994
7432
9245
5117
9157
8938
6309
5367
9876
9303
8607
5858
9960
8778
8923
9356
8097
6931
9343
5109
7932
7763
6184
4648
6610
5359
8139
5497
8648
7276
8722
6913
4797
7833
8219
5194
7587
5261
5925
8523
9070
7145
9368
8896
9970
8845
7297
6080
7637
8398
9621
5504
6541
8979
6074
8134
6528
9586
9095
8117
8758
5899
9423
8473
7909
6641
6453
5335
9711
9824
9099
8172
9530
5468
6208
5163
6524
5795
9580
5599
9671
6132
8914
8373
4881
7456
8873
5637
9325
4410
8172
2318
9340
5218
5085
4700
9916
6119
9352
8872
9964
6631
7671
6692
8036
7972
6053
5039
7857
7810
4719
7258
5357
6764
9441
9060
9120
5191
9029
7419
8948
5351
9911
4853
7334
6350
8502
3772
9082
6016
7458
6996
9791
3586
7789
9141
6912
7434
8838
4359
8641
7258
8475
6928
9599
8630
6157
3317
9030
4662
9388
8776
9808
5745
6361
7463
8601
9546
6054
5078
7745
9067
4341
2062
5981
6370
8756
4103
8113
3847
7804
5219
6941
3461
7565
3699
9709
7134
8587
1450
9277
7919
9741
7457
7923
9046
9804
4716
7579
9375
7064
3972
8737
6126
6399
5126
9405
6484
9890
8676
4124
9031
7894
9679
6118
8135
8377
6527
8683
6947
2519
1415
9203
4540
7013
1703
7680
8115
7361
4873
8101
8792
1858
2480
9210
7622
4042
811
8972
2753
3881
3144
8195
2595
7432
2723
7478
6620
5447
5745
6169
9111
6683
1666
8494
8788
7093
5984
7489
6970
8488
2035
5740
5499
7553
5791
4425
4239
8781
4333
7878
7350
6024
3304
9520
3992
6872
6484
7014
4760
3664
5050
8342
3294
6111
2992
9171
1641
8515
2870
9457
6618
6286
4462
5521
5102
3859
4975
9710
5360
6471
1418
6410
3560
5719
4802
7566
2170
3947
3762
7839
8729
2432
4496
1157
5656
7141
2706
9497
9360
5602
3452
6846
4285
9074
4106
3845
6683
9746
4922
7930
7964
3515
8745
7834
6690
4840
3660
7335
3986
6806
6236
4839
3805
8436
8245
3504
2741
7710
1903
7782
8075
7252
3700
9838
7955
7657
5286
7500
7695
6212
4510
1422
4151
7167
4841
4815
6366
5150
4079
3531
3116
9518
5056
7022
4542
6850
6045
9856
2660
8654
1671
8565
4080
6407
7670
6807
6334
2923
2748
9232
5608
6515
3104
5390
6340
4637
1893
5345
6192
9596
1900
7173
2159
6194
6378
9343
1677
6247
3493
3255
4153
5203
1386
6659
2866
6396
1584
8580
8123
9544
6620
7610
4413
9397
7089
8480
3623
4051
3327
7704
3105
7632
6675
9509
5193
9394
3875
9702
6487
5616
4399
6715
4367
8917
4349
5643
3124
3313
6162
3578
8851
6260
4577
6368
2271
6090
1890
2292
6163
5924
5158
4904
5541
5978
3325
5129
3923
5527
2782
6432
1007
8012
1291
2465
245
5786
1339
6335
8232
2696
1796
5138
19
3421
615
5037
2396
488
5331
4143
6332
585
2065
694
1393
2717
1523
8086
1712
5373
1588
9154
8592
4642
433
3998
183
643
431
2689
151
2944
1683
2457
390
8732
835
7005
1111
891
1113
5931
826
2935
433
1101
6351
5672
923
5667
4162
3042
1345
1550
4035
3495
7127
5360
4535
8606
589
3482
1628
3303
1530
1801
1769
2933
3162
4450
2426
4800
3025
3935
185
3697
164
5461
4188
6814
3965
6212
1180
6032
3728
3298
2409
4173
2394
9101
7281
170
370
1374
7419
7012
3325
4372
1551
3368
64
8671
5693
2096
3476
4461
4080
2668
3035
179
6010
4581
1259
589
3315
1894
1547
6599
753
477
286
5429
4131
2861
762
9939
8392
7439
1313
617
1858
2755
1120
3754
1283
2902
1065
4627
2879
2060
4455
3403
1356
4705
3726
3184
579
3257
2622
1051
8861
4375
3777
1573
5136
5407
1322
4123
3153
8395
2020
6016
5427
2936
3705
6885
1936
1065
1936
843
3500
3287
1388
32
1324
6450
4840
1848
1844
3324
2542
2105
890
3152
5244
4211
3495
2351
549
6138
6018
9307
1864
5107
3982
2701
1330
2677
5226
4928
1158
1235
7819
7324
3156
1991
2719
5650
6623
5532
274
2260
1220
1927
6402
7273
5346
562
2232
3910
1724
230
7698
1464
1286
529
1596
2082
735
6590
594
965
35
6776
686
5232
2915
7476
4532
2592
1101
760
72
7476
3344
7927
1625
1006
1409
4006
7394
1528
414
2736
2300
5527
1966
131
3679
6840
394
3187
9214
5834
151
3961
3067
2485
3331
1946
3754
1854
4053
1906
3893
4331
1731
1158
747
4636
1044
4068
4845
105
3019
3996
1172
2921
2587
90
1580
1978
2655
5240
3267
7589
2530
8446
5216
3207
329
6147
4769
9145
1167
5105
529
9901
4824
7488
4272
8264
912
3492
1118
199
919
5809
4559
3950
2594
7132
524
5507
4996
3650
3569
4536
3798
1499
2258
6887
1858
3012
3131
3998
1990
2700
1763
9391
2153
752
2803
3531
1151
314
2506
7887
1043
9463
5300
1775
5560
5910
2633
513
587
4367
416
264
1115
1886
1763
2809
803
8413
6557
4460
1401
4830
3740
2568
3278
1794
2117
3885
2004
91
3809
7828
662
6793
3127
1082
222
3710
3942
6539
202
2021
5955
857
992
7849
702
8901
1337
3220
5324
572
2798
8589
7677
5550
4300
6284
5927
6222
3213
2565
3166
3171
1536
254
3790
7749
343
3863
7362
1090
2148
3224
909
2735
3006
1923
2214
1648
930
981
140
4967
5024
5598
3071
245
3771
256
1316
3022
4248
8492
226
2513
2137
1089
437
2032
562
2217
1860
1576
950
3090
402
1054
8715
5371
2927
4322
3413
9195
5037
1335
864
199
2813
4208
641
6739
1670
1265
5588
5199
362
4011
3965
228
2605
4858
4227
5944
4267
1740
571
